65536 0.00 0.01 94.59 #started
65536 0.01 0.32 25.01 #progress
65536 0.03 0.32 12.60 #progress
65536 0.04 0.32 8.44 #progress
65536 0.05 0.32 6.35 #progress
65536 0.06 0.32 5.10 #progress
65536 0.08 0.32 4.27 #progress
65536 0.09 0.32 3.67 #progress
65536 0.10 0.32 3.22 #progress
65536 0.11 0.32 2.88 #progress
65536 0.12 0.33 2.61 #progress
65536 0.14 0.33 2.38 #progress
65536 0.15 0.33 2.19 #progress
65536 0.16 0.33 2.02 #progress
65536 0.17 0.33 1.89 #progress
65536 0.19 0.33 1.77 #progress
65536 0.20 0.33 1.66 #progress
65536 0.21 0.33 1.57 #progress
65536 0.22 0.33 1.49 #progress
65536 0.24 0.34 1.41 #progress
65536 0.25 0.34 1.35 #progress
65536 0.26 0.34 1.29 #progress
65536 0.28 0.34 1.23 #progress
65536 0.29 0.34 1.18 #progress
65536 0.30 0.34 1.14 #progress
65536 0.31 0.34 1.09 #progress
65536 0.32 0.34 1.06 #progress
65536 0.34 0.34 1.02 #progress
65536 0.35 0.35 0.99 #progress
65536 0.36 0.35 0.96 #progress
65536 0.38 0.35 0.93 #progress
65536 0.39 0.35 0.90 #progress
65536 0.40 0.35 0.87 #progress
65536 0.41 0.35 0.85 #progress
65536 0.43 0.35 0.83 #progress
65536 0.44 0.35 0.81 #progress
65536 0.45 0.35 0.79 #progress
65536 0.46 0.36 0.77 #progress
65536 0.47 0.36 0.75 #progress
65536 0.49 0.36 0.73 #progress
65536 0.50 0.36 0.72 #progress
65536 0.51 0.36 0.70 #progress
65536 0.52 0.36 0.69 #progress
65536 0.54 0.36 0.67 #progress
65536 0.55 0.36 0.66 #progress
65536 0.56 0.36 0.65 #progress
65536 0.57 0.36 0.63 #progress
65536 0.59 0.37 0.62 #progress
65536 0.60 0.37 0.61 #progress
65536 0.61 0.37 0.60 #progress
65536 0.62 0.37 0.59 #progress
65536 0.64 0.37 0.58 #progress
65536 0.65 0.37 0.57 #progress
65536 0.66 0.37 0.56 #progress
65536 0.68 0.37 0.55 #progress
65536 0.69 0.37 0.54 #progress
65536 0.70 0.38 0.54 #progress
65536 0.71 0.38 0.53 #progress
65536 0.73 0.38 0.52 #progress
65536 0.74 0.38 0.51 #progress
65536 0.75 0.38 0.51 #progress
65536 0.76 0.38 0.50 #progress
65536 0.77 0.38 0.49 #progress
65536 0.79 0.38 0.48 #progress
65536 0.80 0.38 0.48 #progress
65536 0.81 0.38 0.47 #progress
65536 0.82 0.38 0.47 #progress
65536 0.84 0.39 0.46 #progress
65536 0.85 0.39 0.45 #progress
65536 0.86 0.39 0.45 #progress
65536 0.88 0.39 0.44 #progress
65536 0.89 0.39 0.44 #progress
65536 0.90 0.39 0.43 #progress
65536 0.91 0.39 0.43 #progress
65536 0.93 0.39 0.42 #progress
65536 0.94 0.39 0.42 #progress
65536 0.95 0.39 0.42 #progress
65536 0.96 0.40 0.41 #progress
65536 0.98 0.40 0.41 #progress
65536 0.99 0.40 0.40 #progress
65536 1.00 0.40 0.00 #completed
65537 0.00 0.01 93.10 #started
65537 0.01 0.36 36.09 #progress
65537 0.02 0.61 30.47 #progress
65537 0.03 0.87 29.01 #progress
65537 0.04 1.12 26.90 #progress
65537 0.05 1.37 26.40 #progress
65537 0.06 1.61 25.73 #progress
65537 0.07 1.83 25.11 #progress
65537 0.08 2.07 23.84 #progress
65537 0.09 2.31 23.64 #progress
65537 0.10 2.52 23.17 #progress
65537 0.11 2.71 22.51 #progress
65537 0.16 7.38 38.74 #progress
65537 0.17 9.19 44.26 #progress
65537 0.18 10.90 49.34 #progress
65537 0.19 12.58 52.54 #progress
65537 0.21 14.21 54.94 #progress
65537 0.25 19.45 59.38 #progress
65537 0.35 19.75 37.57 #progress
65537 0.36 19.93 35.89 #progress
65537 0.38 20.13 32.90 #progress
65537 0.39 20.29 31.89 #progress
65537 0.40 20.44 30.90 #progress
65537 0.42 20.71 29.82 #progress
65537 0.42 20.76 29.12 #progress
65537 0.44 27.59 35.70 #progress
65537 0.45 27.73 34.07 #progress
65537 0.46 27.89 33.48 #progress
65537 0.48 28.36 30.82 #progress
65537 0.49 28.78 30.42 #progress
65537 0.51 34.56 34.21 #progress
65537 0.52 34.74 32.73 #progress
65537 0.53 34.91 31.74 #progress
65537 0.55 39.02 32.59 #progress
65537 0.55 39.26 32.11 #progress
65537 0.57 40.06 30.77 #progress
65537 0.57 40.45 30.58 #progress
65537 0.58 40.67 30.10 #progress
65537 0.59 40.70 28.91 #progress
65537 0.60 40.72 27.84 #progress
65537 0.61 40.74 26.71 #progress
65537 0.62 40.76 25.70 #progress
65537 0.63 40.77 24.63 #progress
65537 0.64 44.74 25.86 #progress
65537 0.65 44.78 24.88 #progress
65537 0.66 44.81 23.83 #progress
65537 0.67 44.84 22.90 #progress
65537 0.68 44.87 21.91 #progress
65537 0.69 44.90 21.04 #progress
65537 0.70 44.92 20.10 #progress
65537 0.72 44.99 18.33 #progress
65537 0.73 45.01 16.60 #progress
65537 0.74 45.02 15.82 #progress
65537 0.75 45.03 14.99 #progress
65537 0.76 45.05 14.25 #progress
65537 0.77 45.07 13.47 #progress
65537 1.00 47.75 0.75 #progress
65537 1.00 48.11 0.00 #completed
20585 0.00 0.00 26.30 #started
20585 1.00 0.06 0.00 #completed
20576 0.00 0.00 2.69 #started
20576 0.11 0.64 5.74 #progress
20576 0.12 0.65 5.34 #progress
20576 0.13 0.69 5.19 #progress
20576 0.14 0.70 4.86 #progress
20576 0.16 0.71 4.59 #progress
20576 0.17 0.72 4.30 #progress
20576 0.18 0.72 4.05 #progress
20576 0.19 0.72 3.81 #progress
20576 0.20 0.72 3.61 #progress
20576 0.21 0.78 3.67 #progress
20576 0.22 0.78 3.49 #progress
20576 0.23 0.81 3.44 #progress
20576 0.25 0.91 3.70 #progress
20576 0.26 0.91 3.56 #progress
20576 0.27 0.97 3.62 #progress
20576 0.28 1.02 2.65 #progress
20576 0.29 1.25 3.32 #progress
20576 0.30 1.27 3.22 #progress
20576 0.31 1.27 3.07 #progress
20576 0.32 1.30 3.02 #progress
20576 0.33 1.31 2.90 #progress
20576 0.35 1.33 2.85 #progress
20576 0.36 1.34 2.75 #progress
20576 0.37 1.37 2.71 #progress
20576 0.38 1.41 2.72 #progress
20576 0.39 1.46 2.72 #progress
20576 0.40 1.53 2.81 #progress
20576 0.41 1.66 3.01 #progress
20576 0.42 1.76 3.15 #progress
20576 0.44 1.76 3.05 #progress
20576 0.45 1.78 2.99 #progress
20576 0.46 1.79 2.90 #progress
20576 0.47 1.81 2.86 #progress
20576 0.48 1.84 2.83 #progress
20576 0.49 1.88 2.82 #progress
20576 0.50 1.96 2.90 #progress
20576 0.51 2.00 2.88 #progress
20576 0.53 2.03 1.87 #progress
20576 0.54 2.08 1.88 #progress
20576 0.55 2.15 1.93 #progress
20576 0.56 2.27 2.07 #progress
20576 0.57 2.33 2.09 #progress
20576 0.58 2.35 2.04 #progress
20576 0.59 2.37 1.99 #progress
20576 0.60 2.37 1.92 #progress
20576 0.62 2.38 1.87 #progress
20576 0.63 2.39 1.81 #progress
20576 0.64 2.40 1.77 #progress
20576 0.65 2.47 1.80 #progress
20576 0.66 2.47 1.74 #progress
20576 0.67 2.49 1.71 #progress
20576 0.68 2.62 1.84 #progress
20576 0.69 2.78 2.01 #progress
20576 0.70 2.86 2.06 #progress
20576 0.72 2.86 2.00 #progress
20576 0.73 2.86 1.93 #progress
20576 0.74 2.87 1.89 #progress
20576 0.75 2.97 1.96 #progress
20576 0.76 2.97 1.90 #progress
20576 0.77 2.97 1.85 #progress
20576 0.78 3.00 1.82 #progress
20576 0.79 3.02 0.80 #progress
20576 0.81 3.06 0.80 #progress
20576 0.82 3.08 0.77 #progress
20576 0.83 3.09 0.72 #progress
20576 0.84 3.11 0.71 #progress
20576 0.85 3.12 0.67 #progress
20576 0.86 3.20 0.71 #progress
20576 0.87 3.24 0.71 #progress
20576 0.88 3.31 0.74 #progress
20576 0.90 3.32 0.71 #progress
20576 0.91 3.33 0.68 #progress
20576 0.92 3.46 0.77 #progress
20576 0.93 3.46 0.72 #progress
20576 0.94 3.47 0.69 #progress
20576 0.95 3.47 0.65 #progress
20576 0.96 3.48 0.61 #progress
20576 0.97 3.50 0.59 #progress
20576 0.99 3.50 0.55 #progress
20576 1.00 3.55 0.56 #progress
20576 1.00 3.57 0.00 #completed
20576 0.00 0.01 121.87 #started
20576 0.05 0.04 0.79 #progress
20576 0.06 0.04 0.67 #progress
20576 0.07 0.04 0.59 #progress
20576 0.08 0.04 0.52 #progress
20576 0.09 0.04 0.46 #progress
20576 0.10 0.04 0.44 #progress
20576 0.11 0.04 0.41 #progress
20576 0.12 0.04 0.37 #progress
20576 0.13 0.05 0.35 #progress
20576 0.14 0.05 0.33 #progress
20576 0.15 0.05 0.31 #progress
20576 0.16 0.05 0.29 #progress
20576 0.17 0.05 0.27 #progress
20576 0.18 0.05 0.26 #progress
20576 0.19 0.05 0.25 #progress
20576 0.20 0.05 0.24 #progress
20576 0.21 0.05 0.23 #progress
20576 0.22 0.05 0.22 #progress
20576 0.23 0.05 0.21 #progress
20576 0.24 0.05 0.20 #progress
20576 0.25 0.05 0.20 #progress
20576 0.26 0.05 0.19 #progress
20576 0.27 0.05 0.19 #progress
20576 0.28 0.05 0.18 #progress
20576 0.29 0.05 0.18 #progress
20576 0.30 0.05 0.17 #progress
20576 0.31 0.05 0.17 #progress
20576 0.32 0.05 0.17 #progress
20576 0.33 0.05 0.17 #progress
20576 0.34 0.06 0.16 #progress
20576 0.35 0.06 0.16 #progress
20576 0.36 0.06 0.16 #progress
20576 0.37 0.06 0.16 #progress
20576 0.38 0.06 0.15 #progress
20576 0.39 0.06 0.15 #progress
20576 0.40 0.06 0.15 #progress
20576 0.41 0.06 0.16 #progress
20576 0.42 0.07 0.16 #progress
20576 0.43 0.07 0.15 #progress
20576 0.44 0.07 0.15 #progress
20576 0.45 0.07 0.16 #progress
20576 0.46 0.07 0.15 #progress
20576 0.47 0.07 0.15 #progress
20576 0.48 0.07 0.15 #progress
20576 0.49 0.07 0.15 #progress
20576 0.50 0.08 0.15 #progress
20576 0.51 0.08 0.15 #progress
20576 0.52 0.08 0.15 #progress
20576 0.53 0.08 0.15 #progress
20576 0.54 0.08 0.15 #progress
20576 0.55 0.08 0.15 #progress
20576 0.56 0.08 0.15 #progress
20576 0.57 0.08 0.15 #progress
20576 0.58 0.08 0.15 #progress
20576 0.59 0.09 0.15 #progress
20576 0.60 0.09 0.15 #progress
20576 0.61 0.09 0.14 #progress
20576 0.62 0.09 0.15 #progress
20576 0.63 0.09 0.15 #progress
20576 0.64 0.09 0.14 #progress
20576 0.65 0.09 0.14 #progress
20576 0.66 0.09 0.14 #progress
20576 0.67 0.09 0.14 #progress
20576 0.68 0.10 0.14 #progress
20576 0.69 0.10 0.14 #progress
20576 0.70 0.10 0.14 #progress
20576 0.71 0.10 0.13 #progress
20576 0.72 0.10 0.13 #progress
20576 0.73 0.10 0.13 #progress
20576 0.74 0.10 0.13 #progress
20576 0.75 0.10 0.13 #progress
20576 0.76 0.10 0.13 #progress
20576 0.77 0.10 0.13 #progress
20576 0.78 0.10 0.13 #progress
20576 0.79 0.10 0.13 #progress
20576 1.00 0.65 0.00 #completed
20533 0.00 0.01 109.46 #started
20533 1.00 0.39 0.00 #completed
